 53.80 
 84.13 
 78.86 
 15.27 
 92.36 
 48.40 
 20.58 
 73.14 
 30.59 
 32.15 
 29.79 
 65.23 
 75.76 
 52.85 
 84.65 
 65.93 
 35.67 
 16.77 
 82.06 
 48.37 
 28.38 
 82.87 
 67.61 
 39.69 
 76.74 
 94.58 
 96.59 
 76.06 
 10.96 
 27.75 
 45.41 
 25.72 
 20.50 
 50.52 
 75.02 
 22.34 
 67.85 
 15.65 
 33.11 
 52.34 
 9.15 
 70.11 
 69.62 
 78.60 
 60.48 
 35.85 
 69.26 
 53.46 
 78.91 
 17.97 
 37.49 
 41.58 
 18.41 
 81.21 
 9.76 
 43.34 
 88.98 
 67.54 
 10.52 
 71.37 
 26.32 
 20.87 
 19.36 
 83.69 
 3.64 
 7.66 
 6.08 
 16.58 
 19.48 
 14.44 
 4.38 
 61.09 
 23.81 
 17.16 
 48.31 
 29.52 
 50.68 
 33.41 
 78.92 
 13.52 
 10.61 
 88.36 
 39.04 
 44.68 
 58.11 
 48.03 
 13.87 
 29.67 
 90.64 
 99.28 
 41.91 
 47.42 
 54.24 
 85.02 
 16.33 
 63.69 
 27.74 
 35.14 
 20.54 
 39.55 
 32.95 
 69.10 
 93.03 
 84.65 
 71.08 
 84.31 
 96.84 
 33.63 
 17.25 
 86.07 
 76.31 
 4.62 
 14.28 
 59.34 
 20.48 
 32.27 
 94.69 
 30.52 
 16.03 
 54.81 